13016
13244
13229
13144
13104
13162
13215
13092
13023
13003
13084
13001
13009
13168
13031
13105
13017
13189
13012
13006
13155
13025
13158
13110
13220
13007
13199
13159
13096
13109
13004
13064
13053
13178
13139
13125
13212
13056
13008
13063
13240
13101
13067
13248
13015
13169
13034
13115
13048
13204
13044
13075
13014
13019
13090
13062
13127
13203
13247
13259
13218
13208
13073
13035
13027
13251
13088
13082
13210
13166
13010
13242
13094
13192
13132
13033
13061
13072
13123
13005
13037
13201
13232
13219
13046
13093
13211
13236
13138
13076
13140
13164
13250
13041
13022
13176
13120
13087
13065
13202
13196
13275
13148
13174
13261
13098
13315
13221
13177
13116
13099
13149
13095
13043
13213
13133
13163
13026
13013
13186
13130
13052
13049
13195
13266
13180
13039
13175
13228
13057
13085
13024
13254
13241
13217
13160
13129
13205
13269
13161
13173
13102
13193
13197
13200
13050
13290
13103
13122
13278
13042
13054
13145
13020
13188
13194
13246
13272
13018
13114
13276
13079
13170
13146
13032
13002
13255
13080
13117
13107
13134
13113
13121
13280
13131
13083
13167
13238
13252
13299
13100
13184
13222
13038
13302
13124
13183
13257
13304
13089
13182
13253
13256
13301
13230
13060
13157
13243
13231
13286
13234
13307
13059
13287
13181
13224
13270
13349
13074
13368
13271
13273
13171
13147
13309
13406
13126
13152
13141
13068
13118
13265
13264
13325
13378
13227
13283
13279
13179
13311
13326
13358
13209
13187
13380
13345
13284
13081
13274
13374
13385
13365
13289
13097
13355
13294
13371
13314
13342
13137
13375
13156
13029
13408
13331
13319
13207
13260
13334
13606
13318
13356
13412
13420
13296
13313
13262
13402
13295
13336
13415
13282
13323
13397
13328
13337
13382
13153
13206
13487
13300
13486
13339
13191
13351
13384
13352
13405
13424
13390
13657
13814
13376
13417
13383
13359
13091
13401
13409
13288
13393
13291
13373
13344
13734
13364
13281
13452
13267
13463
13298
13395
13263
13400
13404
13399
13411
13350
13444
13333
13379
13416
13322
13450
13360
13353
13303
13522
13341
13659
13292
13343
13718
13403
13447
13433
13485
13523
13727
13490
13568
13495
13354
13357
13306
13407
13656
13473
13391
13422
13426
13362
13542
13815
13462
13335
13454
13449
13317
13293
13445
13410
13738
13363
13732
13327
13524
13475
13489
13320
13537
13372
13381
13398
13458
13517
13536
13509
13707
13460
13430
13394
13544
13332
13414
13547
13389
13468
13567
13387
13720
13545
13733
13467
13555
13386
13499
13457
13502
13477
13532
13423
13580
13437
13498
13459
13366
13737
13465
13469
13425
13731
13504
13321
13562
13735
13451
13607
13507
13553
13461
13396
13435
13470
13474
13653
13515
13816
13528
13428
13419
13581
13549
13570
13569
13533
13466
13578
13480
13596
13574
13566
13514
13558
13559
13576
13508
13728
13519
13761
13503
13561
13755
13617
13529
13438
13494
13531
13655
13583
13481
13429
13601
13506
13421
13817
13493
13516
13520
13560
13546
13479
13563
13491
13453
13543
13573
13439
13582
13484
13548
13501
13496
13443
13577
13572
13689
13628
13500
13588
13377
13441
13525
13565
13756
13662
13625
13736
13610
13550
13759
13530
13740
13492
13683
13538
13603
13592
13512
13600
13455
13629
13613
13604
13551
13510
13684
13744
13595
13534
13589
13585
13663
13427
13624
13661
13587
13741
13626
13745
13627
13623
13665
13725
13521
13726
13632
13668
13526
13666
13541
13564
13622
13579
13760
13608
13464
13631
13635
13618
13619
13554
13753
13749
13614
13620
13634
13594
13616
13598
13630
13590
13664
13605
13609
13497
13584
13638
13674
13710
13680
13694
13687
13713
13703
13685
13770
13805
13794
13818
13646
13640
13811
13633
13791
13645
13765
13644
13636
13700
13693
13647
13789
13797
13723
13792
13724
13721
13642
13758
13670
13717
13778
13764
13798
13641
13779
13702
13754
13696
13688
13697
13766
13788
13804
13800
13772
13767
13692
13793
13813
13671
13695
13746
13768
13698
13742
13686
13796
13777
13785
13675
13799
13709
13714
13802
13782
13643
13787
13769
13743
13681
13783
13790
13729
13762
13730
13716
13649
13672
13715
13807
13757
13784
13776
13819
13652
13682
13803
13691
13722
13699
13712
13795
13786
13806
13679
13677
13773
13648
13706
13780
13774
13808
13708
13781
13751
13701
13775
13771
