150129
150167
150052
150020
150096
150048
150150
150115
150002
150037
150235
150032
150066
150225
150181
150154
150230
150043
150159
150166
150236
150171
150248
150082
150232
150099
150249
150245
150023
150085
150210
150257
150203
150261
150223
150165
150259
150128
150267
150211
150250
150112
150188
150256
150273
150279
150233
150280
150004
150191
150272
150077
150012
150113
150264
150205
150090
150238
150227
150047
150141
150075
150131
150218
150035
150157
150034
150195
150309
150175
150055
150117
150014
150095
150306
150022
150101
150317
150108
150053
150087
150084
150147
150021
150189
150027
150239
150351
150160
150125
150054
150193
150049
150111
150083
150148
150313
150041
150143
150229
150362
150200
150026
150094
150151
150174
150005
150093
150024
150186
150364
150088
150378
150123
150007
150373
150142
150247
150285
150028
150266
150010
150217
150269
150059
150271
150289
150242
150196
150282
150092
150263
150301
150069
150265
150304
150251
150246
150278
150292
150254
150676
150283
150019
150252
150561
150146
150294
150287
150262
150274
150812
150302
150453
150452
150244
150270
150413
150305
150074
150300
150299
150281
150385
150556
150423
150465
150576
150253
150357
150418
150718
150275
150260
150727
150573
150757
150290
150303
150137
150665
150810
150560
150421
150557
150384
150414
150562
150574
150480
150504
150314
150468
150689
150410
150690
150813
150616
150295
150607
150641
150781
150454
150488
150639
150790
150296
150455
150610
150456
150558
150672
150661
150417
150415
150507
150737
150820
150814
150506
150818
150816
150800
150647
150722
150695
150550
150789
150744
150754
150609
150726
150822
150712
150349
150634
150298
150731
150724
150714
150791
150819
150685
150555
150815
150567
150678
150660
150392
150680
150675
150648
150612
150817
150670
150559
150614
150394
150823
150403
150782
150688
150821
150397
150691
150668
150401
150645
150669
150008
150081
150029
150001
150138
150063
150145
150139
150450
150105
150126
150340
150050
150109
150221
150345
150172
150089
150158
150234
150051
150483
150116
150182
150372
150103
150809
150078
150219
150194
150140
150805
150209
150237
150368
150224
150118
150515
150381
150376
150155
150202
150377
150356
150510
150463
150458
150503
150371
150104
150045
150057
150370
150512
150168
150416
150353
150065
150018
150098
150369
150638
150386
150216
150025
150508
150532
150429
150361
150068
150826
150516
150060
150621
150620
150231
150444
150367
150524
150132
150070
150703
150539
150626
150521
150519
150708
150588
150742
150522
150467
150748
150033
150570
150627
150679
150505
150241
150636
150509
150466
150824
150761
150623
150738
150478
150625
150513
150825
150750
150586
150741
150584
150542
150624
150830
150587
150583
150701
150520
150752
150530
150755
150544
150589
150673
150529
150743
150545
150564
150778
150632
150707
150618
150751
150374
150525
150829
150592
150546
150706
150582
150836
150511
150538
150739
150533
150630
150758
150696
150835
150517
150540
150531
150543
150379
150635
150523
150527
150526
150702
150190
150199
150184
150071
150321
150067
150017
150107
150307
150130
150016
150100
150329
150226
150328
150136
150319
150120
150240
150153
150162
150323
150315
150044
150330
150320
150187
150316
150064
150039
150324
150318
150331
150214
150177
150169
150335
150312
150310
150121
150325
150337
150322
150333
150339
150308
150341
150352
150334
150336
150327
150721
150646
150786
150431
150430
150692
150801
150568
150390
150396
150428
150451
150407
150667
150448
150484
150697
150388
150611
150728
150631
150435
150426
150391
150732
150427
150486
150409
150408
150425
150682
150563
150402
150399
150436
150642
150412
150438
150662
150729
150389
150442
150395
150433
150437
150449
150404
150434
150400
150439
150446
150443
150086
150015
150080
150124
150344
150013
150222
150347
150134
150164
150342
150311
150447
150114
150170
150009
150459
150178
150476
150490
150293
150003
150061
150473
150072
150149
150469
150036
150042
150474
150228
150499
150494
150492
150119
150343
150462
150500
150346
150208
150464
150461
150102
150348
150460
150493
150496
150471
150491
150497
150472
150411
150502
150354
150457
150481
150597
150605
150838
150552
150808
150765
150842
150594
150663
150664
150535
150534
150606
150785
150549
150536
150704
150537
150553
150717
150745
150793
150657
150547
150580
150843
150832
150698
150578
150762
150845
150601
150600
150733
150788
150593
150575
150804
150666
150802
150579
150551
150719
150658
150780
150768
150784
150792
150794
150772
150840
150837
150577
150595
150700
150598
150554
150548
150653
150811
150734
150596
150775
150783
150709
150839
150659
150651
150841
150603
150799
150833
150777
150656
150654
150683
150604
150716
150735
150771
150720
150749
150649
150705
150807
150753
150803
150767
150619
150599
150763
150608
150655
150687
150795
150764
150806
150602
150686
150779
150710
150652
150766
