160003
160005
160012
160015
160025
160029
160028
160036
160044
160052
160050
160057
160061
160009
160071
160072
160236
160209
160217
160080
160082
160824
160271
160095
160140
160166
160252
160151
160132
160198
160152
160250
160285
160295
160310
160180
160208
160345
160249
160235
160113
160291
160226
160138
160091
160111
160329
160334
160332
160333
160524
160135
160102
160106
160093
160210
160143
160090
160136
160142
160582
160821
160189
160161
160290
160325
160321
160359
160328
160318
160382
160350
160336
160197
160098
160145
160190
160228
160172
160115
160245
160369
160270
160760
160744
160186
160182
160771
160473
160364
160740
160764
160123
160490
160124
160373
160144
160374
160206
160203
160365
160487
160455
160118
160131
160423
160139
160375
160262
160376
160429
160084
160431
160426
160463
160430
160409
160394
160418
160449
160737
160406
160419
160316
160519
160514
160507
160600
160803
160665
160599
160702
160628
160817
160697
160711
160630
160556
160809
160830
160557
160800
160516
160594
160637
160597
160635
160690
160615
160713
160698
160681
160828
160664
160561
160683
160532
160602
160687
160825
160620
160577
160700
160522
160549
160689
160642
160579
160501
160543
160535
160701
160691
160509
160530
160779
160676
160551
160574
160647
