12051
12018
12064
12090
12047
12017
12086
12164
12097
12162
12163
12005
12251
12112
12260
12040
12024
12154
12207
12212
12081
12179
12054
12063
12115
12083
12180
12190
12143
12193
12167
12095
12249
12330
12202
12224
12266
12012
12294
12146
12232
12304
12632
12291
12400
12281
12332
12356
12298
12369
12340
12381
12289
12322
12293
12665
12371
12328
12364
12407
12292
12408
12344
12628
12379
12826
12290
12587
12363
12394
12398
12465
12384
12607
12443
12617
12431
12483
12836
12499
12392
12521
12326
12151
12513
12439
12780
12406
12679
12397
12462
12428
12674
12527
12515
12490
12565
12449
12746
12402
12555
12415
12559
12576
12421
12778
12574
12566
12504
12619
12582
12771
12579
12779
12612
12828
12451
12660
12623
12723
12744
12606
12668
12788
12670
12797
12726
12791
12593
12763
12693
12728
12832
12627
12792
12769
12720
12760
12654
12645
12724
12768
12765
