11045
11111
11103
11143
11061
11174
11018
11068
11042
11024
11047
11156
11194
11153
11088
11107
11055
11119
11197
11184
11732
11083
11118
11082
11225
11016
11241
11199
11038
11132
11333
11254
11292
11283
11385
11386
11388
11387
11264
11309
11668
11261
11359
11369
11318
11373
11280
11445
11511
11329
11389
11667
11421
11504
11686
11426
11503
11494
11599
11481
11464
11411
11557
11500
11367
11479
11423
11515
11413
11516
11587
11487
11563
11533
11546
11556
11437
11631
11490
11641
11789
11451
11363
11483
11608
11484
11791
11632
11605
11545
11797
11658
11607
11564
11654
11547
11796
11630
11592
11646
11133
11507
11180
11137
11178
11307
11308
11031
11281
11271
11076
11252
11081
11287
11058
11141
11193
11270
11259
11157
11060
11718
11743
11702
11750
11819
11691
11785
11723
11699
11729
11764
11809
11828
11716
11728
11767
11768
11818
11669
11690
