13233
13237
13128
13028
13055
13198
13111
13154
13216
13305
13106
13071
13051
13040
13190
13047
13225
13214
13308
13142
13245
13348
13367
13338
13369
13440
13310
13361
13346
13370
13340
13347
13388
13143
13431
13432
13413
13571
13226
13704
13165
13513
13136
13030
13312
13418
13316
13066
13235
13268
13223
13151
13258
13482
13442
13070
13436
13392
13324
13297
13330
13552
13472
13277
13249
13556
13488
13593
13478
13511
13476
13505
13639
13471
13612
13329
13446
13434
13448
13539
13654
13591
13637
13535
13540
13518
13575
13678
13739
13690
13527
13711
13705
13602
13752
13597
13557
13456
13285
13483
13673
13650
13615
13658
13599
13660
13669
13611
13651
13621
13667
13586
13747
13112
13172
13086
13036
13078
13011
13058
13135
13119
13077
13045
13021
13108
13185
13239
13069
13150
13676
13812
13801
13763
13719
13748
13809
13810
13750
