14144
14122
14084
14063
14150
14066
14201
14100
14151
14179
14096
14087
14014
14161
14004
14134
14078
14053
14155
14035
14194
14073
14178
14149
14224
14127
14133
14146
14005
14054
14072
14093
14215
14171
14262
14238
14266
14169
14007
14124
14010
14166
14255
14277
14307
14297
14239
14331
14294
14385
14647
14335
14281
14693
14276
14412
14296
14354
14375
14373
14290
14309
14278
14291
14346
14680
14683
14397
14400
14398
14417
14438
14367
14353
14444
14378
14399
14434
14387
14625
14439
14699
14503
14587
14454
14773
14635
14639
14411
14495
14578
14604
14343
14633
14733
14421
14473
14831
14437
14598
14622
14618
14715
14564
14481
14595
14666
14543
14508
14620
14749
14726
14593
14550
14531
14528
14713
14651
14734
14658
14754
14798
14739
14643
14756
14747
14748
14790
14740
14673
14710
14650
14729
14755
14517
14691
14717
14765
14772
14815
14752
14796
