150198
150133
150031
150056
150030
150006
150144
150046
150127
150204
150206
150073
150135
150207
150122
150326
150161
150185
150097
150163
150076
150220
150286
150038
150091
150277
150297
150058
150338
150213
150106
150201
150360
150062
150156
150040
150212
150176
150152
150079
150375
150565
150110
150011
150355
150359
150197
150258
150358
150363
150192
150382
150255
150268
150276
150183
150284
150179
150291
150173
150288
150514
150332
150350
150518
150432
150420
150366
150398
150422
150383
150380
150569
150406
150387
150393
150528
150365
150424
150581
150475
150243
150441
150180
150215
150477
150405
150419
150485
150571
150440
150470
150479
150482
150445
150487
150787
150770
150723
150694
150501
150747
150590
150585
150572
150715
150671
150773
150831
150591
150541
150617
150699
150760
150628
150681
150736
150613
150756
150677
150730
150725
150643
150711
150774
150622
150827
150640
150674
150644
150828
150650
150798
150746
150566
150684
150489
150844
150615
150834
150776
150769
150713
150498
150693
150797
150629
150740
150633
150759
150495
150637
150796
