12043
12020
12084
12153
12123
12078
12169
12092
12148
12089
12013
12247
12241
12175
12088
12221
12016
12003
12125
12058
12007
12035
12114
12128
12060
12103
12080
12158
12111
12108
12127
12062
12032
12189
12159
12073
12142
12147
12098
12015
12029
12244
12030
12233
12269
12238
12131
12214
12138
12042
12059
12065
12033
12225
12157
12052
12037
12242
12184
12010
12023
12082
12109
12100
12215
12255
12174
12022
12172
12041
12234
12137
12070
12139
12025
12061
12135
12126
12129
12009
12136
12245
12085
12228
12121
12072
12133
12046
12101
12053
12258
12001
12069
12067
12199
12036
12039
12134
12113
12141
12120
12014
12002
12124
12188
12253
12230
12004
12034
12094
12223
12259
12186
12091
12200
12210
12021
12256
12006
12270
12170
12229
12182
12235
12183
12173
12110
12077
12057
12044
12168
12008
12027
12316
12204
12079
12205
12218
12056
12156
12274
12031
12267
12087
12019
12011
12226
12049
12076
12203
12755
12237
12071
12222
12171
12246
12161
12181
12104
12068
12050
12201
12165
12155
12152
12026
12275
12248
12243
12176
12107
12185
12187
12236
12119
12116
12099
12250
12093
12262
12306
12096
12074
12310
12263
12118
12264
12271
12038
12321
12211
12318
12282
12349
12192
12075
12106
12302
12240
12130
12150
12196
12209
12283
12177
12194
12287
12220
12117
12216
12055
12149
12254
12758
12122
12102
12144
12615
12231
12278
12105
12761
12208
12309
12140
12178
12334
12197
12338
12355
12276
12066
12382
12370
12257
12401
12028
12636
12413
12160
12325
12268
12195
12252
12299
12045
12239
12352
12346
12320
12265
12339
12301
12323
12048
12295
12471
12166
12378
12345
12145
12357
12217
12132
12198
12279
12639
12385
12409
12367
12372
12280
12354
12358
12638
12303
12368
12227
12285
12614
12317
12351
12542
12756
12743
12343
12586
12459
12272
12353
12327
12374
12388
12416
12296
12277
12613
12588
12740
12611
12329
12669
12333
12393
12389
12759
12411
12731
12630
12331
12757
12313
12206
12366
12319
12336
12609
12412
12596
12350
12418
12473
12284
12616
12629
12405
12337
12375
12827
12365
12739
12297
12347
12642
12456
12466
12191
12373
12362
12311
12460
12314
12288
12469
12653
12455
12667
12753
12811
12307
12387
12592
12286
12601
12626
12348
12341
12741
12360
12589
12399
12305
12514
12644
12446
12219
12442
12664
12396
12754
12752
12470
12376
12213
12361
12422
12433
12747
12749
12641
12661
12651
12608
12448
12335
12383
12495
12261
12610
12524
12386
12300
12458
12549
12633
12507
12410
12496
12484
12648
12472
12444
12414
12441
12762
12312
12425
12315
12403
12491
12553
12835
12545
12824
12745
12541
12528
12531
12489
12634
12474
12538
12635
12437
12461
12432
12453
12518
12468
12546
12742
12544
12748
12564
12584
12426
12435
12478
12273
12818
12342
12404
12573
12577
12493
12377
12477
12454
12585
12429
12395
12423
12427
12560
12522
12436
12467
12380
12464
12417
12537
12676
12578
12359
12785
12487
12391
12480
12492
12548
12552
12519
12308
12434
12547
12511
12631
12447
12452
12420
12502
12440
12501
12430
12475
12543
12445
12530
12551
12324
12532
12509
12517
12643
12438
12556
12572
12567
12479
12569
12620
12482
12390
12591
12419
12561
12494
12520
12673
12721
12773
12575
12803
12581
12497
12570
12523
12529
12536
12571
12618
12486
12508
12485
12562
12424
12510
12500
12590
12640
12557
12677
12750
12535
12534
12503
12457
12580
12533
12751
12463
12554
12834
12506
12662
12777
12516
12583
12476
12568
12539
12550
12772
12450
12525
12804
12481
12526
12505
12783
12563
12512
12498
12558
12540
12621
12488
12691
12663
12806
12597
12831
12707
12605
12649
12598
12655
12833
12837
12830
12805
12595
12829
12692
12796
12659
12604
12801
12823
12738
12716
12776
12820
12708
12821
12594
12712
12656
12703
12732
12794
12822
12701
12603
12687
12700
12702
12694
12695
12625
12658
12717
12800
12696
12666
12814
12652
12819
12808
12690
12600
12689
12714
12715
12637
12602
12767
12686
12802
12704
12710
12680
12816
12622
12784
12684
12719
12787
12733
12683
12812
12681
12685
12722
12688
12793
12795
12624
12713
12766
12599
12718
12774
12671
12727
12737
12764
12786
12725
12825
12782
12699
12813
12647
12789
12799
12790
12657
12735
12706
12730
12729
12775
12682
12815
12809
12698
12817
12734
12798
12770
12697
12705
12675
12650
12709
12711
12781
12736
12646
12807
12810
12678
12672
