11152
11026
11201
11121
11108
11122
11044
11001
11072
11204
11011
11128
11049
11159
11003
11116
11226
11106
11219
11014
11218
11098
11215
11247
11185
11075
11145
11066
11102
11240
11154
11002
11019
11078
11097
11021
11233
11053
11242
11125
11050
11166
11057
11115
11229
11187
11004
11059
11136
11104
11150
11243
11248
11101
11032
11015
11190
11168
11151
11203
11179
11213
11124
11171
11237
11020
11217
11244
11142
11207
11181
11051
11086
11079
11010
11202
11160
11022
11214
11212
11189
11091
11162
11230
11043
11030
11182
11239
11169
11232
11245
11040
11056
11135
11224
11096
11100
11183
11134
11144
11120
11221
11140
11074
11146
11114
11029
11095
11200
11109
11073
11164
11063
11250
11009
11062
11127
11149
11163
11139
11129
11005
11067
11093
11034
11112
11008
11113
11206
11037
11191
11035
11039
11186
11238
11253
11148
11131
11085
11064
11208
11158
11175
11255
11126
11285
11130
11023
11315
11052
11306
11069
11347
11028
11167
11177
11302
11594
11105
11216
11350
11339
11391
11611
11205
11291
11257
11155
11360
11012
11077
11090
11357
11027
11173
11337
11246
11384
11195
11227
11372
11323
11378
11236
11328
11273
11320
11279
11392
11296
11349
11352
11354
11314
11313
11249
11284
11312
11087
11396
11804
11362
11258
11267
11620
11330
11298
11336
11395
11286
11338
11353
11220
11268
11366
11740
11784
11340
11381
11355
11278
11365
11382
11263
11682
11305
11364
11394
11321
11356
11275
11317
11619
11361
11341
11334
11802
11677
11294
11344
11604
11325
11738
11343
11663
11368
11332
11326
11733
11383
11342
11623
11613
11621
11665
11351
11335
11379
11505
11598
11612
11358
11327
11348
11331
11322
11371
11374
11472
11593
11603
11446
11617
11380
11471
11370
11403
11398
11469
11439
11622
11521
11467
11441
11460
11377
11430
11486
11518
11419
11519
11523
11276
11428
11407
11311
11393
11405
11434
11681
11666
11600
11514
11443
11425
11482
11683
11401
11418
11400
11346
11295
11458
11488
11375
11803
11597
11526
11416
11436
11438
11491
11432
11493
11466
11509
11616
11502
11786
11412
11495
11435
11454
11527
11542
11510
11512
11399
11440
11552
11474
11528
11501
11473
11684
11448
11444
11480
11499
11517
11417
11485
11543
11433
11406
11427
11582
11531
11635
11489
11442
11530
11420
11461
11506
11529
11470
11525
11497
11560
11496
11453
11452
11414
11376
11577
11782
11541
11410
11588
11429
11745
11537
11574
11583
11576
11532
11585
11773
11535
11567
11450
11477
11424
11431
11544
11650
11540
11788
11508
11639
11520
11573
11575
11685
11475
11579
11589
11645
11569
11741
11633
11476
11571
11463
11627
11626
11625
11562
11647
11610
11792
11578
11568
11591
11634
11409
11513
11787
11565
11736
11644
11779
11555
11449
11596
11642
11640
11536
11609
11618
11538
11660
11390
11345
11415
11551
11478
11554
11566
11465
11572
11524
11580
11628
11586
11558
11550
11584
11422
11408
11549
11561
11649
11468
11455
11404
11498
11522
11748
11492
11534
11456
11539
11602
11462
11324
11553
11447
11629
11636
11606
11601
11570
11614
11559
11648
11657
11638
11655
11402
11794
11652
11457
11590
11651
11688
11643
11595
11548
11770
11459
11397
11661
11656
11615
11637
11798
11653
11581
11624
11662
11048
11123
11033
11234
11110
11025
11176
11223
11235
11117
11188
11070
11300
11198
11084
11071
11080
11092
11210
11165
11209
11054
11017
11262
11222
11192
11297
11065
11006
11161
11007
11172
11099
11046
11299
11138
11089
11211
11147
11269
11041
11036
11303
11170
11260
11316
11301
11266
11272
11282
11231
11251
11013
11265
11304
11310
11094
11228
11277
11288
11293
11319
11289
11274
11290
11256
11196
11671
11715
11730
11758
11795
11710
11672
11737
11752
11689
11747
11696
11763
11827
11717
11703
11664
11724
11735
11698
11704
11725
11806
11714
11830
11776
11705
11775
11769
11746
11813
11824
11670
11825
11815
11774
11781
11731
11719
11727
11755
11673
11822
11680
11800
11678
11790
11826
11692
11812
11676
11778
11816
11799
11742
11808
11720
11711
11756
11814
11805
11706
11693
11832
11829
11701
11760
11712
11674
11801
11744
11694
11695
11772
11821
11734
11811
11749
11713
11708
11807
11753
11754
11823
11762
11780
11771
11700
11722
11783
11831
11707
11820
11679
11765
11810
11759
11833
11766
11697
11726
11709
11687
11739
11751
11675
11793
11721
11761
11777
11757
11817
