14232
14250
14191
14015
14235
14181
14088
14036
14246
14030
14009
14130
14256
14019
14006
14059
14033
14223
14244
14186
14157
14260
14187
14062
14121
14198
14163
14263
14217
14253
14265
14273
14109
14167
14001
14139
14154
14065
14225
14095
14012
14248
14203
14034
14283
14261
14048
14284
14140
14267
14275
14205
14137
14089
14288
14292
14175
14271
14270
14142
14170
14083
14052
14156
14240
14282
14280
14077
14326
14196
14189
14011
14044
14293
14241
14219
14102
14069
14112
14254
14272
14310
14026
14106
14299
14259
14116
14214
14264
14318
14313
14332
14302
14118
14312
14210
14337
14268
14303
14269
14298
14327
14339
14286
14120
14020
14340
14338
14311
14279
14336
14376
14350
14329
14357
14372
14258
14369
14097
14024
14319
14230
14324
14358
14383
14345
14347
14046
14304
14359
14200
14247
14341
14323
14305
14317
14707
14392
14370
14349
14300
14289
14386
14597
14351
14306
14314
14396
14040
14321
14287
14681
14334
14601
14611
14799
14128
14355
14342
14364
14371
14667
14362
14295
14381
14685
14366
14382
14361
14333
14466
14365
14542
14363
14301
14352
14664
14390
14320
14285
14360
14391
14393
14348
14315
14368
14534
14380
14344
14456
14330
14379
14541
14599
14407
14322
14413
14274
14316
14469
14545
14746
14488
14410
14457
14792
14416
14408
14493
14374
14669
14600
14467
14394
14535
14328
14718
14536
14388
14492
14489
14670
14453
14686
14395
14384
14679
14668
14401
14402
14823
14540
14677
14603
14491
14468
14490
14687
14769
14414
14486
14472
14422
14675
14720
14404
14608
14682
14409
14356
14482
14431
14429
14377
14591
14827
14389
14471
14480
14420
14711
14763
14477
14405
14704
14418
14724
14674
14539
14424
14703
14697
14826
14824
14794
14423
14721
14800
14708
14415
14709
14403
14406
14676
14818
14705
14671
14820
14725
14723
14609
14452
14475
14689
14426
14696
14428
14425
14419
14690
14825
14487
14455
14449
14513
14494
14533
14502
14463
14515
14484
14775
14440
14516
14526
14461
14447
14445
14525
14551
14822
14497
14474
14501
14546
14504
14451
14511
14436
14554
14476
14446
14435
14479
14524
14529
14522
14442
14465
14443
14560
14549
14527
14514
14722
14505
14532
14548
14498
14458
14584
14441
14573
14496
14565
14427
14433
14521
14460
14530
14518
14500
14566
14557
14583
14556
14561
14537
14716
14519
14581
14520
14499
14619
14610
14570
14553
14506
14432
14623
14562
14605
14464
14563
14459
14507
14768
14559
14547
14485
14509
14470
14478
14430
14631
14552
14588
14641
14606
14596
14590
14585
14632
14638
14640
14634
14602
14594
14615
14448
14576
14555
14621
14607
14628
14510
14523
14567
14661
14586
14569
14589
14656
14636
14657
14571
14592
14558
14630
14577
14568
14617
14694
14644
14512
14450
14462
14663
14612
14646
14698
14702
14695
14483
14804
14684
14660
14688
14616
14701
14626
14582
14579
14712
14572
14706
14655
14544
14580
14806
14728
14575
14614
14642
14574
14652
14829
14654
14613
14624
14538
14719
14659
14802
14832
14637
14653
14627
14828
14672
14629
14649
14645
14648
14807
14819
14692
14665
14700
14031
14202
14061
14218
14037
14050
14038
14110
14041
14017
14039
14237
14125
14058
14174
14162
14022
14123
14016
14211
14082
14193
14028
14008
14180
14164
14115
14207
14257
14023
14131
14243
14136
14143
14049
14153
14101
14113
14206
14025
14251
14074
14067
14076
14099
14003
14222
14195
14094
14047
14104
14105
14228
14002
14185
14176
14172
14212
14141
14168
14126
14308
14213
14055
14071
14227
14183
14199
14132
14229
14165
14013
14119
14070
14182
14079
14184
14057
14027
14173
14060
14045
14108
14064
14204
14147
14148
14085
14018
14208
14160
14080
14242
14129
14114
14086
14220
14107
14138
14135
14188
14068
14111
14051
14159
14081
14216
14236
14209
14090
14234
14103
14249
14021
14056
14197
14098
14231
14092
14042
14145
14091
14152
14226
14032
14158
14245
14221
14029
14233
14043
14192
14117
14190
14075
14177
14732
14821
14778
14736
14805
14735
14816
14783
14817
14760
14762
14780
14771
14757
14759
14738
14782
14730
14786
14731
14830
14776
14779
14789
14811
14753
14795
14743
14793
14803
14814
14745
14767
14801
14744
14812
14737
14781
14764
14810
14727
14787
14788
14809
14766
14761
14797
14791
14741
14784
14758
14785
14742
14750
14777
14774
14751
14808
14770
14813
