160014
160002
160008
160004
160007
160020
160016
160021
160027
160022
160013
160018
160011
160026
160023
160032
160010
160035
160030
160034
160031
160039
160047
160037
160019
160041
160038
160045
160054
160001
160043
160055
160049
160056
160048
160059
160053
160046
160067
160062
160051
160040
160077
160064
160070
160063
160068
160065
160075
160033
160076
160066
160058
160006
160074
160078
160042
160079
160081
160073
160083
160069
160088
160089
160060
160085
160097
160099
160092
160100
160104
160105
160086
160024
160096
160017
160103
160110
160101
160119
160117
160108
160094
160107
160121
160129
160114
160116
160122
160125
160130
160109
160127
160120
160128
160133
160087
160137
160146
160126
160163
160134
160149
160188
160148
160141
160214
160112
160338
160337
160168
160351
160352
160303
160354
160445
160447
160475
160421
160520
160565
160442
160523
160216
160403
160427
160147
160612
160555
160553
160482
160566
160646
160357
160433
160457
160292
160391
160650
160674
160707
160640
160572
160791
160685
160234
160493
160831
160733
160715
160237
160196
160752
160414
160786
160218
160225
160269
160347
160207
160340
160439
160344
160684
160385
160315
160276
160356
160586
160601
160440
160802
160317
160274
160450
160617
160506
160755
160829
160438
160486
160614
160578
160763
160694
160342
160677
160314
160604
160696
160544
160765
160546
160743
160762
160814
160823
160275
160460
160343
160153
160386
160709
160613
160238
160158
160272
160815
160576
160384
160480
160822
160492
160766
160160
160706
160239
160233
160598
160346
160596
160155
160708
160805
160199
160494
160746
160353
160213
160215
160459
160319
160548
160739
160547
160150
160322
160658
160580
160326
160231
160301
160452
160820
160355
160323
160653
160758
160436
160488
160638
160154
160212
160781
160499
160495
160721
160253
160550
160307
160673
160454
160259
160515
160496
160525
160202
160299
160205
160268
160503
160603
160521
160671
160371
160300
160826
160281
160670
160618
160560
160644
160750
160528
160366
160156
160784
160159
160801
160502
160722
160636
160242
160230
160484
160297
160267
160420
160294
160293
160284
160255
160448
160453
160201
160282
160248
160593
160383
160313
160748
160799
160348
160157
160504
160780
160797
160489
160497
160260
160200
160827
160211
160174
160451
160204
160162
160491
160179
160341
160289
160232
160381
160177
160428
160309
160782
160258
160387
160785
160422
160783
160165
160178
160729
160435
160229
160192
160512
160261
160320
160173
160306
160223
160277
160610
160287
160498
160247
160254
160672
160193
160305
160241
160256
160466
160378
160279
160362
160388
160527
160518
160243
160441
160324
160417
160280
160181
160167
160169
160327
160311
160302
160257
160437
160529
160251
160552
160266
160425
160361
160368
160367
160304
160219
160308
160227
160312
160220
160434
160221
160331
160195
160175
160273
160224
160246
160534
160164
160191
160389
160396
160407
160222
160462
160183
160395
160424
160187
160584
160298
160194
160286
160464
160483
160538
160372
160283
160536
160517
160485
160505
160360
160508
160240
160390
160335
160531
160539
160400
160446
160474
160349
160804
160176
160410
160392
160363
160558
160171
160401
160405
160399
160819
160170
160732
160675
160288
160537
160397
160811
160465
160244
160540
160479
160471
160745
160370
160816
160526
160413
160469
160412
160456
160470
160377
160358
160265
160278
160541
160554
160573
160679
160330
160339
160477
160569
160185
160481
160404
160393
160264
160723
160476
160581
160296
160559
160724
160575
160478
160408
160810
160263
160564
160415
160727
160542
160511
160467
160562
160680
160444
160725
160726
160468
160461
160563
160398
160545
160513
160402
160678
160416
160759
160533
160818
160583
160472
160432
160411
160380
160500
160443
160761
160806
160184
160379
160571
160568
160813
160510
160812
160570
160832
160458
160567
160682
160590
160605
160606
160629
160777
160619
160589
160753
160623
160607
160692
160592
160730
160742
160621
160798
160622
160634
160625
160792
160795
160661
160788
160641
160770
160585
160591
160652
160659
160716
160667
160669
160703
160741
160649
160767
160731
160728
160790
160627
160632
160609
160663
160751
160643
160656
160608
160769
160705
160693
160611
160789
160808
160772
160624
160773
160695
160595
160651
160588
160734
160712
160688
160807
160720
160631
160666
160774
160660
160657
160686
160714
160699
160775
160776
160738
160778
160639
160794
160655
160736
160796
160633
160735
160587
160654
160747
160668
160717
160757
160756
160710
160749
160719
160645
160754
160793
160718
160616
160662
160704
160787
160768
160626
160648
